645 46
4619 2500
4659 341
1528 3472
4495 4495
1094 3906
2500 2418
2334 2666
837 2500
2108 2500
2500 3751
1001 3999
2500 4402
2077 2077
620 2500
3968 2500
1125 3875
1395 2500
620 620
4309 4309
1116 2500
2759 2500
4681 4681
2500 4526
4442 558
1993 3007
4774 2500
1364 1364
2500 2325
4774 4774
2139 2500
4340 2500
350 4650
4123 2500
4008 992
837 837
1714 3286
3193 3193
3658 2500
3348 3348
2500 2759
2500 248
341 2500
1891 1891
1156 3844
3791 1209
2500 3999
4597 403
3348 2500
434 2500
846 4154
372 2500
2500 1085
1519 1519
4318 682
3999 2500
1054 1054
3109 1891
3782 2500
2500 2015
2666 2500
3565 3565
4030 4030
4039 961
2500 4123
3100 3100
2500 124
4247 4247
4061 2500
2500 4681
2644 2356
2500 217
1333 2500
2500 1271
2511 2500
4557 2500
2500 4743
2500 4867
1395 1395
133 4867
4907 93
3596 3596
3720 2500
3162 2500
124 124
2520 2480
2356 2500
0 0
2759 2759
2077 2500
2396 2604
4092 2500
558 2500
1953 2500
4867 4867
2666 2666
2500 651
2799 2201
2303 2697
2500 2500
412 4588
155 155
1984 1984
2500 3720
1218 3782
2500 4774
2500 3286
465 2500
3100 2500
4185 2500
2604 2604
4433 4433
4526 2500
4464 4464
2500 2108
2500 1674
217 217
3295 1705
877 4123
1032 3968
4960 2500
4473 527
3419 1581
1643 2500
3658 3658
3224 2500
2500 403
4154 2500
2210 2790
4650 4650
1798 1798
1900 3100
2500 1178
2500 3968
62 62
4278 2500
4805 2500
3038 2500
2852 2500
3667 1333
4535 465
3977 1023
2500 4836
164 4836
4557 4557
1612 1612
93 93
2500 279
1466 3534
1643 1643
4256 744
1333 1333
3565 2500
2511 2511
2500 961
186 2500
2945 2945
1147 1147
2500 2883
3193 2500
1581 1581
2139 2139
2500 4495
2427 2573
660 4340
753 4247
1023 2500
2086 2914
1280 3720
3875 3875
2500 2449
2573 2500
71 4929
1891 2500
40 4960
4628 372
2024 2976
4721 279
1271 2500
4371 2500
5000 0
2613 2387
3233 1767
2675 2325
2500 2201
2325 2325
2170 2170
2500 3410
4805 4805
2500 2573
2500 3565
3131 3131
2387 2387
2500 3224
4566 434
2500 1891
3450 1550
2263 2263
372 372
403 2500
1953 1953
2500 682
744 744
1705 1705
2046 2500
2892 2108
3512 1488
3813 3813
2500 4960
4929 4929
1652 3348
2582 2418
4402 2500
930 2500
3937 2500
2500 1209
310 2500
3853 1147
815 4185
970 4030
4061 4061
1736 2500
2500 1984
2500 3472
3534 3534
2500 1705
2500 2821
4163 837
1271 1271
2500 2356
2500 2697
3689 3689
4619 4619
1373 3627
2500 558
2500 2914
2500 806
2500 3875
2500 3782
2500 155
4340 4340
527 527
3388 1612
2500 3906
589 2500
496 496
4867 2500
2500 4433
2500 1581
2500 2046
62 2500
3326 1674
868 868
2500 4929
2500 4898
2500 4588
2500 372
2500 1302
1488 2500
3202 1798
4132 868
2500 93
2500 2728
589 589
2500 2790
2500 3348
4464 2500
2500 2139
2500 1364
4216 2500
3999 3999
713 2500
2418 2418
155 2500
3047 1953
1147 2500
3317 2500
3255 2500
682 682
1404 3596
4402 4402
4814 186
1063 3937
3627 2500
4411 589
2500 1333
3410 2500
899 899
279 279
2500 3596
2500 1519
2500 930
0 2500
2954 2046
3751 2500
1922 2500
1426 2500
248 2500
2500 620
2500 1147
806 2500
2500 3813
2500 1426
2635 2635
2500 899
3317 3317
2500 4712
2706 2294
3503 2500
4070 930
217 2500
3078 1922
4185 4185
1178 1178
1860 1860
3264 1736
1364 2500
2883 2883
4752 248
2790 2500
1745 3255
93 2500
4898 2500
691 4309
4194 806
1931 3069
2458 2542
1674 1674
3937 3937
3171 1829
2500 1767
2500 3131
2945 2500
2737 2263
2500 434
961 2500
2500 2666
310 310
527 2500
2697 2697
2883 2500
2500 2480
2294 2500
257 4743
4712 2500
2046 2046
2489 2511
2500 1829
2500 4092
2500 3658
1240 2500
2500 465
1302 2500
1705 2500
31 31
2500 3503
1457 1457
4287 713
899 2500
3007 2500
3906 3906
2500 1023
3131 2500
4876 124
2500 837
2976 2976
2500 589
102 4898
2500 1612
2500 3038
443 4557
4929 2500
744 2500
1612 2500
31 2500
2500 3844
3782 3782
2500 3627
2500 2387
1581 2500
2500 4650
2500 527
1435 3565
2923 2077
2500 4464
2500 2170
1209 1209
4712 4712
3286 3286
2500 4557
2500 4185
4349 651
3481 1519
2728 2728
930 930
3472 3472
2821 2821
3286 2500
2500 4805
2500 3441
2500 310
2500 1116
4216 4216
279 2500
2500 186
2500 2542
2480 2500
2500 2604
2500 1922
536 4464
2500 992
2500 2511
2500 2077
4938 62
2500 3193
1829 2500
1807 3193
2500 1457
4845 155
992 992
2500 0
4836 2500
2015 2500
2015 2015
806 806
4154 4154
4247 2500
2325 2500
248 248
992 2500
2449 2449
2500 2635
4278 4278
319 4681
908 4092
474 4526
2418 2500
651 651
2500 496
1798 2500
2573 2573
3574 1426
2500 31
3760 1240
2500 1643
3729 1271
3441 3441
2500 2945
722 4278
2500 3162
2387 2500
1550 1550
2500 2232
2232 2500
4495 2500
2500 4619
3946 1054
3069 3069
1302 1302
2914 2500
496 2500
2500 4309
505 4495
2500 3255
1187 3813
2500 4247
2500 868
1590 3410
4526 4526
195 4805
2500 1240
2500 3069
2500 4030
3379 3379
2365 2635
2232 2232
1683 3317
1209 2500
4681 2500
2768 2232
2500 713
713 713
4783 217
2500 1953
682 2500
1519 2500
1497 3503
3596 2500
2500 1550
2500 3689
124 2500
3007 3007
2790 2790
1178 2500
2241 2759
3224 3224
1962 3038
1116 1116
961 961
4690 310
2148 2852
1621 3379
3884 1116
2500 4278
2914 2914
2500 1798
3162 3162
3813 2500
1054 2500
2201 2500
1457 2500
775 775
1767 2500
3875 2500
3534 2500
2201 2201
381 4619
2500 3534
4504 496
775 2500
1488 1488
558 558
1829 1829
2830 2170
4225 775
3627 3627
4960 4960
465 465
1869 3131
2500 4154
939 4061
2500 4061
3720 3720
629 4371
4092 4092
4588 4588
1984 2500
4433 2500
1426 1426
2055 2945
1550 2500
3689 2500
434 434
2480 2480
1240 1240
1767 1767
2500 4371
2500 3379
2500 1736
2500 4216
2108 2108
186 186
2179 2821
4309 2500
2500 2976
4898 4898
2294 2294
2500 2294
4101 899
2500 1488
3410 3410
3844 3844
3636 1364
2985 2015
2500 3317
3379 2500
3038 3038
3357 1643
3472 2500
4380 620
3906 2500
2542 2500
2500 775
2500 1860
403 403
2500 2852
2500 2263
4836 4836
2861 2139
4969 31
3751 3751
3968 3968
4588 2500
3255 3255
4371 4371
3915 1085
1922 1922
1736 1736
3140 1860
4650 2500
2852 2852
1674 2500
2500 1395
2500 4340
2500 341
3698 1302
288 4712
1085 1085
784 4216
2635 2500
3503 3503
1559 3441
4123 4123
226 4774
341 341
2500 62
567 4433
1023 1023
2728 2500
2170 2500
2500 3007
2263 2500
2500 744
651 2500
2542 2542
3016 1984
3543 1457
4743 4743
1860 2500
2449 2500
868 2500
2551 2449
2117 2883
3605 1395
598 4402
3822 1178
2500 3937
3844 2500
2272 2728
2976 2500
1085 2500
1838 3162
1342 3658
2500 1054
2500 3100
2821 2500
4743 2500
2356 2356
2697 2500
2604 2500
1776 3224
1311 3689
3441 2500
3069 2500
1249 3751
4030 2500
